7.819999999999999174e-01
9.510000000000000675e-01
7.430000000000001048e-01
9.549999999999999600e-01
8.209999999999998410e-01
9.030000000000000249e-01
8.340000000000000746e-01
1.024000000000000021e+00
9.409999999999999476e-01
7.979999999999999316e-01
9.140000000000000346e-01
8.879999999999999005e-01
8.469999999999999751e-01
9.280000000000000471e-01
9.210000000000001519e-01
6.620000000000000329e-01
9.130000000000001448e-01
8.980000000000000204e-01
8.990000000000001323e-01
9.439999999999998392e-01
7.469999999999998863e-01
8.500000000000000888e-01
9.180000000000000382e-01
9.060000000000000275e-01
9.430000000000000604e-01
8.000000000000000444e-01
8.790000000000001146e-01
1.024000000000000021e+00
9.859999999999998765e-01
9.669999999999999707e-01
7.670000000000000151e-01
8.200000000000000622e-01
9.749999999999999778e-01
1.016000000000000014e+00
8.320000000000000728e-01
8.990000000000000213e-01
1.018000000000000016e+00
