2.521084000000000103e+01
2.706431999999999505e+01
2.452212000000000103e+01
2.664326000000000150e+01
2.626805000000000234e+01
2.595279999999999987e+01
2.624649000000000143e+01
2.611414999999999864e+01
2.611929999999999907e+01
2.451698999999999984e+01
2.697802999999999685e+01
2.644256999999999991e+01
2.706839000000000084e+01
2.542913000000000068e+01
2.521583000000000041e+01
2.423751999999999995e+01
2.649819000000000102e+01
2.698121999999999687e+01
2.571801999999999921e+01
2.579803000000000068e+01
2.523808999999999969e+01
2.551936000000000249e+01
2.646406999999999954e+01
2.576221000000000316e+01
2.682781999999999911e+01
2.668855999999999895e+01
2.634810000000000230e+01
2.634707000000000221e+01
2.759627000000000052e+01
2.597462000000000160e+01
2.674424000000000134e+01
2.608075999999999794e+01
2.599183999999999983e+01
2.617340000000000089e+01
2.574983000000000288e+01
2.681948999999999828e+01
2.614777000000000129e+01
