3.956316314956760834e+03
4.646059241571171697e+03
4.673449398675243174e+03
4.256926972480746372e+03
3.964871356714350895e+03
4.597870171092085002e+03
4.148295597124019878e+03
4.050673458947669133e+03
3.910717751081043843e+03
4.106360557934870485e+03
4.171084230042753916e+03
4.157975584389740106e+03
4.111856870847552273e+03
3.658548915482697794e+03
3.741821718327044891e+03
4.168180071949133890e+03
3.956952601435420547e+03
4.186814946557149597e+03
4.052635598586530705e+03
3.890302221719530280e+03
4.260767120617232649e+03
3.768571327990451664e+03
3.821382809496481514e+03
4.124479058133667422e+03
4.083730021813999883e+03
4.150491244713292872e+03
3.836294620297326674e+03
3.987518090284077061e+03
3.998445180207801059e+03
3.930925179232002847e+03
4.130684977969324791e+03
4.366585312592832452e+03
4.059590190292071838e+03
4.046283969984035593e+03
4.074293095894678572e+03
4.060377392520380454e+03
3.956316314956760834e+03
