1.272579999999999927e+03
1.253127020000000130e+03
1.173318809999999985e+03
1.259190229999999929e+03
1.273972680000000082e+03
1.241310860000000048e+03
1.243661980000000085e+03
1.017403990000000022e+03
9.783902299999999741e+02
1.078257149999999911e+03
1.087992089999999962e+03
1.133332679999999982e+03
1.211614069999999856e+03
1.280793650000000071e+03
1.225601560000000063e+03
1.008888129999999933e+03
1.084076009999999997e+03
1.097246629999999868e+03
9.453063200000000279e+02
1.200042179999999917e+03
1.146979589999999916e+03
1.001040470000000028e+03
1.130589969999999994e+03
1.196295260000000098e+03
1.212045489999999972e+03
1.243551209999999855e+03
1.215245280000000093e+03
1.227417680000000018e+03
1.262418530000000146e+03
1.289400410000000193e+03
1.132068849999999884e+03
1.176537360000000035e+03
1.028313940000000002e+03
1.274923499999999876e+03
9.803329600000000710e+02
1.249937879999999950e+03
1.289884260000000040e+03
9.946743500000000040e+02
1.299241860000000088e+03
1.239018730000000005e+03
1.171423209999999926e+03
1.205811109999999871e+03
1.175662779999999884e+03
1.128495239999999967e+03
1.264714840000000095e+03
1.227913580000000138e+03
