1.006999999999999895e+00
1.018000000000000016e+00
9.759999999999999787e-01
1.049999999999999822e+00
1.030999999999999917e+00
1.056000000000000050e+00
1.026999999999999913e+00
8.170000000000000595e-01
7.779999999999999138e-01
9.030000000000000249e-01
9.039999999999999147e-01
9.130000000000001448e-01
9.860000000000000986e-01
9.909999999999998810e-01
1.014000000000000012e+00
8.599999999999999867e-01
9.190000000000000391e-01
9.230000000000000426e-01
7.780000000000000249e-01
1.034000000000000030e+00
1.280999999999999917e+00
8.000000000000000444e-01
8.569999999999999840e-01
9.350000000000000533e-01
9.829999999999999849e-01
9.719999999999999751e-01
9.869999999999999885e-01
9.369999999999999440e-01
1.048000000000000043e+00
1.126000000000000112e+00
9.249999999999999334e-01
9.479999999999998428e-01
8.469999999999999751e-01
1.012999999999999901e+00
7.660000000000000142e-01
1.002000000000000002e+00
9.690000000000000835e-01
7.540000000000001146e-01
9.579999999999999627e-01
9.850000000000000977e-01
9.350000000000000533e-01
1.072000000000000064e+00
9.160000000000001474e-01
8.659999999999998810e-01
9.640000000000000790e-01
9.859999999999998765e-01
