9.670476470427379536e+04
1.174662578924798290e+05
1.252904273133545648e+05
1.258044549901877617e+05
1.202096254200221156e+05
1.257071274388081220e+05
1.025965819698780979e+05
1.186286536710889923e+05
1.257412239410373586e+05
1.197968798187575157e+05
1.114266678846130962e+05
1.175737107985887560e+05
1.322957763562759210e+05
1.087241248589378520e+05
1.285183468487373320e+05
1.166766052710143122e+05
1.103085037464030611e+05
1.172439338874858513e+05
1.120127109908521525e+05
1.271850463045137294e+05
1.189797815925623290e+05
1.194190278902234713e+05
1.196603935599021788e+05
1.131106404293548112e+05
1.195974817210692854e+05
1.167777197800025169e+05
1.144150887819609197e+05
1.319284514624148433e+05
1.191161282962326804e+05
1.595135479508800490e+05
1.175929467214659962e+05
1.149287842487706512e+05
1.269729562336733652e+05
1.147768529372065968e+05
1.281087342936805217e+05
1.289865873883112072e+05
1.240466652850530663e+05
1.380719743785696919e+05
1.385799639562543016e+05
1.201952695476404479e+05
9.996141634669224732e+04
1.302222336939743982e+05
1.249658399536251382e+05
1.228256829801880813e+05
1.255062065738422389e+05
9.670476470427379536e+04
