2.974065099999999688e+02
2.899345700000000079e+02
2.748861600000000180e+02
2.775509200000000192e+02
2.861063899999999762e+02
2.768745999999999867e+02
2.737216700000000174e+02
2.872496199999999931e+02
3.168483600000000138e+02
2.941691700000000083e+02
2.781923199999999952e+02
2.925561500000000024e+02
2.637022000000000048e+02
2.974747199999999907e+02
2.843843300000000340e+02
2.645924099999999726e+02
2.989698300000000017e+02
2.691780699999999911e+02
2.901914899999999875e+02
2.952850499999999556e+02
2.772131100000000288e+02
2.984960800000000063e+02
2.928365599999999631e+02
2.935926000000000045e+02
2.797945199999999772e+02
2.726387200000000348e+02
2.659752599999999916e+02
2.758529399999999896e+02
2.974500600000000077e+02
2.947456700000000183e+02
2.760526800000000094e+02
2.625111899999999991e+02
2.740852600000000052e+02
2.953297099999999773e+02
2.575995800000000031e+02
2.641152399999999716e+02
2.923297600000000216e+02
2.880631500000000074e+02
2.788590700000000311e+02
2.875903099999999881e+02
