2.004223665381437240e+04
1.970110909840481327e+04
1.755911057166454339e+04
1.973793792292297076e+04
1.804838036248096250e+04
1.883154918894594812e+04
1.811629074068368936e+04
1.698792792052880031e+04
1.836360551497773849e+04
1.785354542777470851e+04
1.810785212792667517e+04
1.911002597489207255e+04
1.838907330548536629e+04
1.803435295885441519e+04
2.055113025794014538e+04
1.661077793200283122e+04
1.860405373746236000e+04
1.718632808061702235e+04
1.810642723747971831e+04
1.862330812129872356e+04
2.036160772031427405e+04
1.863781338141143715e+04
2.038814159854081299e+04
1.921404384325229694e+04
1.845379158982543231e+04
1.922861687096287642e+04
1.967089896900060558e+04
1.694205062854216158e+04
2.042238436551033010e+04
1.925697250594979050e+04
1.858277218736009308e+04
1.806279091893480654e+04
1.831834277211625886e+04
1.692367688123656626e+04
1.818761869205449693e+04
1.865907527862582720e+04
1.949261043143368806e+04
1.861304322213485284e+04
1.921223925130025600e+04
2.004223665381437240e+04
