1.996999999999999886e+00
1.939000000000000057e+00
1.851999999999999869e+00
1.856000000000000094e+00
1.756999999999999895e+00
1.741999999999999771e+00
1.808000000000000274e+00
1.959999999999999964e+00
1.961000000000000298e+00
2.048000000000000043e+00
1.875999999999999890e+00
1.909000000000000252e+00
1.700000000000000178e+00
1.928999999999999826e+00
1.788999999999999924e+00
1.820000000000000062e+00
1.891999999999999904e+00
1.870000000000000107e+00
1.906000000000000139e+00
1.926999999999999824e+00
1.912999999999999812e+00
1.900999999999999801e+00
1.933999999999999941e+00
1.945999999999999730e+00
1.899000000000000021e+00
1.727999999999999980e+00
1.729000000000000092e+00
1.870999999999999996e+00
1.907999999999999918e+00
1.848999999999999977e+00
1.788999999999999924e+00
1.807999999999999829e+00
1.798999999999999932e+00
2.048999999999999932e+00
1.696000000000000174e+00
1.735000000000000098e+00
1.957000000000000073e+00
1.952000000000000179e+00
1.931999999999999940e+00
1.840999999999999970e+00
