1.995999999999999774e+00
2.064000000000000057e+00
2.172000000000000153e+00
1.933999999999999941e+00
2.145999999999999908e+00
1.875000000000000000e+00
1.856999999999999984e+00
2.038000000000000256e+00
1.957999999999999963e+00
1.959999999999999964e+00
2.023000000000000131e+00
2.221000000000000085e+00
2.219999999999999751e+00
2.157000000000000028e+00
2.104000000000000092e+00
2.190999999999999837e+00
2.172000000000000153e+00
1.975999999999999979e+00
2.174999999999999822e+00
2.074999999999999734e+00
2.043000000000000149e+00
2.173000000000000043e+00
1.957999999999999963e+00
2.044000000000000039e+00
1.835999999999999854e+00
1.973999999999999977e+00
1.957999999999999963e+00
2.077999999999999847e+00
2.053999999999999826e+00
1.880000000000000115e+00
2.114999999999999769e+00
2.084999999999999964e+00
1.949000000000000066e+00
2.008999999999999897e+00
2.020999999999999908e+00
2.129999999999999893e+00
2.195999999999999730e+00
2.161999999999999478e+00
1.833000000000000185e+00
1.987000000000000322e+00
2.222999999999999865e+00
2.189000000000000501e+00
2.223999999999999755e+00
1.846999999999999975e+00
1.849999999999999867e+00
