1.523570843713585055e+04
1.566484778122112948e+04
1.510135984287487372e+04
1.515125343116568365e+04
1.428473700742881374e+04
1.559510176850863354e+04
1.533823841687149798e+04
1.614604876495737517e+04
1.512423521908262956e+04
1.491469499748251292e+04
1.425352993936364146e+04
1.578558435624613958e+04
1.462613378515726254e+04
1.579496758587202021e+04
1.586784970040194457e+04
1.493729311983812113e+04
1.417495730976294908e+04
1.473145140361536323e+04
1.401239928832736950e+04
1.592871291505608315e+04
1.431965457159352627e+04
1.450995842805586108e+04
1.445924068865641129e+04
1.716069193800228823e+04
1.223705832816814109e+04
1.527481819922877366e+04
1.653948928806115873e+04
1.317445095500492607e+04
1.684216492523227134e+04
1.478407246680762000e+04
1.360764448107200769e+04
1.718581316864134351e+04
1.141639914244393913e+04
1.739009336995309786e+04
1.442802078418750534e+04
1.599876721454549988e+04
1.318134383924629765e+04
1.533105945306163449e+04
1.668154812111013598e+04
1.753928870728804395e+04
1.503614273899242653e+04
1.575930112928658309e+04
1.446603961555064780e+04
1.499505129296381529e+04
1.523570843713585055e+04
