2.658634399999999687e+02
2.845645499999999970e+02
2.879175599999999804e+02
2.357214600000000075e+02
2.806612999999999829e+02
2.552833300000000065e+02
2.382465799999999945e+02
2.755784300000000258e+02
2.269623899999999992e+02
2.507670199999999738e+02
2.591538499999999772e+02
2.994253000000000497e+02
2.772611499999999864e+02
2.835887400000000298e+02
2.853216600000000085e+02
2.882248099999999909e+02
2.893980799999999931e+02
2.553127599999999973e+02
2.855938999999999623e+02
2.819365799999999922e+02
2.673866600000000062e+02
2.696366600000000062e+02
2.669163900000000353e+02
2.691213799999999878e+02
2.474476200000000006e+02
2.599561499999999796e+02
2.596865499999999543e+02
2.796203099999999608e+02
2.804282200000000103e+02
2.652447300000000041e+02
2.870038599999999747e+02
2.698573800000000347e+02
2.597748600000000465e+02
2.804620500000000334e+02
2.692060000000000173e+02
2.616205199999999991e+02
2.856412700000000200e+02
2.778584299999999985e+02
2.429947099999999978e+02
2.674324799999999982e+02
2.987354300000000080e+02
2.953906799999999748e+02
2.846956900000000132e+02
2.411249699999999905e+02
2.180864899999999977e+02
