6.965757999999999583e+01
6.765361000000000047e+01
6.454916999999998950e+01
6.981282000000000210e+01
6.815438999999999226e+01
7.505755000000000621e+01
6.744704999999999018e+01
6.342338000000000875e+01
6.968663999999999703e+01
6.921958999999999662e+01
6.632644999999999413e+01
6.712708000000000652e+01
6.166277999999999793e+01
6.806301999999999452e+01
6.407223000000000468e+01
6.973197999999999297e+01
6.637694999999999368e+01
6.988074000000000296e+01
6.497145999999999333e+01
7.030703999999998643e+01
6.740658000000000527e+01
6.852094999999999914e+01
6.501756000000000313e+01
6.761413000000000295e+01
6.667289999999999850e+01
6.517638999999999783e+01
6.601402000000000214e+01
7.131695999999999458e+01
6.622119999999999607e+01
7.041946000000000083e+01
6.115118999999999261e+01
6.875158000000000413e+01
6.894089999999999918e+01
6.439104999999999279e+01
6.934965000000001112e+01
6.443032999999999788e+01
6.160918000000000916e+01
7.389955000000000496e+01
6.503214000000001249e+01
6.872354999999998881e+01
6.643930999999999187e+01
5.979620000000000601e+01
6.879742000000000246e+01
6.703776999999999475e+01
7.167104999999999393e+01
6.768999000000000876e+01
6.488437999999999306e+01
7.057450000000000045e+01
6.973742000000000019e+01
6.825372000000000128e+01
6.594866000000000383e+01
5.686883000000000266e+01
6.617730000000000246e+01
6.646287999999999840e+01
6.513338999999999146e+01
6.892273000000000138e+01
6.329876000000000147e+01
6.987234000000000833e+01
6.067054999999999865e+01
6.363519999999999754e+01
6.513904999999999745e+01
7.156270000000000664e+01
6.128041000000000338e+01
5.762823999999999813e+01
7.184412999999999272e+01
7.128097999999999956e+01
6.129232999999999976e+01
6.866791000000000622e+01
6.288934999999999320e+01
6.991998000000000957e+01
6.143817000000000661e+01
6.393440000000000367e+01
6.303547000000000367e+01
6.608268999999999949e+01
6.367952999999999975e+01
6.734920999999999935e+01
6.654800000000000182e+01
7.224036000000000968e+01
6.483967999999998710e+01
6.527505999999999631e+01
6.956019999999999470e+01
7.082714999999998895e+01
6.408788999999998737e+01
6.852483999999999753e+01
6.477383999999999276e+01
7.103443000000000040e+01
