6.880198092683554933e+03
5.940581557816321038e+03
6.533743023074598568e+03
6.346618109524149077e+03
5.353292778376795468e+03
6.235687002654151911e+03
5.793850845099090293e+03
6.586970063340745583e+03
6.401021102352913658e+03
7.690115701420014375e+03
6.597623156348125121e+03
7.482644345141078702e+03
5.368017545816146594e+03
6.531043653585863467e+03
6.669567086744199514e+03
5.716371868191032263e+03
6.531560137316712826e+03
5.806107956677185939e+03
5.141896478944962837e+03
6.281651217191048090e+03
6.928488065358253152e+03
6.494474546953213576e+03
6.287785907212786697e+03
5.848581287831563714e+03
6.820212864008243741e+03
5.932127612449391563e+03
6.160774419923270216e+03
6.844400783484482417e+03
6.343115582074824488e+03
6.379234115904293503e+03
5.703196506923881316e+03
6.593196642630657152e+03
6.879563239601417990e+03
6.627598373655186151e+03
5.945751830163546401e+03
6.886273179403374343e+03
6.080355721762853136e+03
6.640004461796438591e+03
5.421340183432546837e+03
6.506227830849068596e+03
6.371475914274759816e+03
6.132175082062047295e+03
6.340009529374021440e+03
6.558885495777552023e+03
6.800174127789153317e+03
6.704063034284922651e+03
6.127807261248969553e+03
6.716405403627812120e+03
6.053854464947992710e+03
6.906058319954117906e+03
6.570555228908140634e+03
5.584214821491036673e+03
6.611515663805746954e+03
5.852577653325844949e+03
6.750048216384414445e+03
6.237339194261636294e+03
7.309794890035193021e+03
5.941987167354415760e+03
6.803351795790823417e+03
6.030458702915027061e+03
6.811602428131926899e+03
6.468607661208108766e+03
5.776294278352019319e+03
7.859428096643675417e+03
6.771151326314557082e+03
6.501622181354604436e+03
7.129090953302699745e+03
6.677818672956490445e+03
5.990447458373385416e+03
6.916532627941646751e+03
6.470833270225195520e+03
6.433475935671917796e+03
6.068962045953603592e+03
6.548144603093407568e+03
6.021444663540671172e+03
5.796519121461494251e+03
6.702175743052432153e+03
7.063703452295229908e+03
5.871296946232568189e+03
6.297163048075210099e+03
6.327957839914103715e+03
6.822433858719201453e+03
5.796657744908045970e+03
6.192855696217176046e+03
6.061511626100006652e+03
6.880198092683554933e+03
