1.375000000000000000e+00
1.393000000000000016e+00
1.288000000000000034e+00
1.316000000000000059e+00
1.570000000000000284e+00
1.540000000000000258e+00
1.461999999999999966e+00
1.215999999999999970e+00
1.446000000000000174e+00
1.385000000000000231e+00
1.229999999999999982e+00
1.226999999999999869e+00
1.354999999999999982e+00
1.296000000000000041e+00
1.362000000000000099e+00
1.394000000000000128e+00
1.233000000000000096e+00
1.452999999999999847e+00
1.466999999999999860e+00
1.379999999999999893e+00
1.259000000000000119e+00
1.321999999999999842e+00
1.268999999999999906e+00
1.433000000000000052e+00
1.198999999999999844e+00
1.318999999999999950e+00
1.245999999999999996e+00
1.402999999999999803e+00
1.358000000000000096e+00
1.431000000000000050e+00
1.282000000000000028e+00
1.330999999999999961e+00
1.262999999999999901e+00
1.171000000000000041e+00
1.477999999999999980e+00
1.214999999999999858e+00
1.143999999999999906e+00
1.348000000000000087e+00
1.555999999999999828e+00
1.332999999999999963e+00
1.321000000000000174e+00
1.224000000000000199e+00
1.500000000000000222e+00
1.280999999999999917e+00
1.318000000000000060e+00
1.294999999999999929e+00
1.308000000000000052e+00
1.372999999999999998e+00
1.459999999999999742e+00
1.342999999999999972e+00
1.233999999999999986e+00
1.132000000000000117e+00
1.348999999999999755e+00
1.432999999999999829e+00
1.193000000000000060e+00
1.403000000000000025e+00
1.213999999999999968e+00
1.487999999999999989e+00
1.278000000000000025e+00
1.296000000000000041e+00
1.147999999999999909e+00
1.435000000000000053e+00
1.243999999999999995e+00
8.800000000000000044e-01
1.377999999999999892e+00
1.308999999999999941e+00
1.370000000000000107e+00
1.256000000000000005e+00
1.298999999999999932e+00
1.302999999999999936e+00
1.114000000000000101e+00
1.127000000000000002e+00
1.379000000000000004e+00
1.256000000000000005e+00
1.330000000000000071e+00
1.435000000000000053e+00
1.330000000000000071e+00
1.383000000000000007e+00
1.372000000000000108e+00
1.332000000000000073e+00
1.429000000000000048e+00
1.475000000000000089e+00
1.446000000000000174e+00
1.330999999999999961e+00
1.294000000000000039e+00
1.288000000000000034e+00
