7.256397917582325135e+03
8.799630241244731224e+03
8.717632308926822589e+03
7.765934129161905730e+03
7.077878760215074180e+03
7.875448848554270626e+03
8.988199998397125455e+03
8.649555824919007136e+03
8.150322610117145814e+03
7.490040943132254142e+03
8.168677125411651105e+03
8.757681420602581056e+03
8.255129970570353180e+03
8.122724399146465657e+03
7.924207299453827545e+03
8.654047464887315073e+03
7.609692085092056914e+03
8.028910568851882999e+03
9.222402835232473080e+03
8.587502119736378518e+03
8.677578170001313993e+03
8.124161999436036240e+03
8.610095558839566365e+03
8.653130821769636896e+03
9.039857557449195156e+03
8.754103634094995869e+03
8.587559436323535920e+03
9.030108961101910609e+03
8.397504646450463042e+03
8.744776294636298189e+03
8.450338988822435567e+03
8.130796779076958956e+03
7.717984072020759413e+03
8.803062069046069155e+03
8.553203609129963297e+03
8.459336701353757235e+03
7.510381994371348810e+03
8.671920879328905357e+03
8.234040326545984499e+03
8.704756557009170137e+03
8.375896324786213881e+03
8.664897708887987392e+03
8.367995653807445706e+03
8.259843890762816955e+03
8.420071017876653059e+03
8.728089639599913426e+03
7.627013359670377213e+03
8.131098647147146039e+03
8.191235323805685766e+03
7.364103533342325136e+03
7.620553473789838790e+03
8.861579541204368070e+03
7.458228495012072926e+03
9.113295548845779194e+03
8.539217379757297749e+03
8.073839492390462510e+03
8.888894163987164575e+03
8.887958555983492261e+03
7.622955052911460371e+03
9.384184907498312896e+03
7.583011599325071074e+03
7.286278563347098498e+03
8.061645719789591567e+03
6.851899041883737482e+03
7.853264607754023018e+03
8.879466456276846657e+03
8.235092128267047883e+03
7.601922577540570273e+03
8.008356879233892869e+03
9.008736371602290092e+03
8.648489499280709424e+03
5.640446757851899747e+03
7.954984180756362548e+03
7.587829210748182959e+03
7.811081358024347537e+03
7.849192217199381957e+03
9.529965557097302735e+03
8.058539261040225028e+03
7.697244238083972959e+03
8.232261960431329499e+03
7.503358787444238260e+03
8.818385289871126588e+03
9.503558530192782200e+03
7.874109768917359361e+03
8.726837263952076682e+03
7.870380643952069477e+03
7.256397917582325135e+03
