1.011913399999999967e+02
1.022659400000000005e+02
9.584990999999999417e+01
9.519632000000000005e+01
9.672279999999999234e+01
1.009592300000000051e+02
1.027351999999999919e+02
9.892806000000000211e+01
1.001010200000000054e+02
9.455643000000000598e+01
1.037010400000000061e+02
9.913015000000000043e+01
9.911000999999998839e+01
8.900686000000000320e+01
9.362525999999999726e+01
1.008563200000000109e+02
9.557215999999999667e+01
1.005946700000000078e+02
1.018839799999999940e+02
1.003317699999999917e+02
9.925947000000000742e+01
1.010706799999999959e+02
1.012566300000000012e+02
9.827378000000000213e+01
9.739306999999999448e+01
9.989551999999999055e+01
1.034714299999999980e+02
9.335898000000000252e+01
1.019424599999999970e+02
1.019696399999999983e+02
1.037092099999999988e+02
9.631188999999999112e+01
9.248042999999999836e+01
1.018727899999999948e+02
1.021575600000000037e+02
1.001920399999999916e+02
9.705901000000000067e+01
9.934736999999999796e+01
9.607098999999999478e+01
1.028242999999999938e+02
1.015370800000000031e+02
9.748942999999999870e+01
1.016210300000000046e+02
1.002701299999999947e+02
9.904973999999999990e+01
1.010310199999999980e+02
1.054822599999999966e+02
1.080197799999999972e+02
1.136389700000000005e+02
1.130213499999999982e+02
1.090111300000000085e+02
1.089835300000000018e+02
1.013466600000000000e+02
1.050162399999999963e+02
1.029326000000000079e+02
1.082305400000000049e+02
1.082084899999999976e+02
1.041883199999999903e+02
1.020175199999999904e+02
1.074657600000000031e+02
9.950612999999999886e+01
1.037229800000000068e+02
1.108776200000000074e+02
9.275270999999999333e+01
1.088577200000000005e+02
1.101945999999999941e+02
1.085678800000000024e+02
1.061607800000000026e+02
1.090604300000000109e+02
1.048772500000000036e+02
1.119349599999999896e+02
1.078313500000000005e+02
1.096736500000000092e+02
1.036905399999999986e+02
1.088987599999999958e+02
1.074535800000000023e+02
1.121365399999999966e+02
1.034594500000000039e+02
1.066379100000000051e+02
1.031009200000000021e+02
1.092230100000000022e+02
1.043855400000000060e+02
1.077783799999999985e+02
1.085421099999999939e+02
1.060207499999999925e+02
1.073927000000000049e+02
1.086493700000000047e+02
