1.598999999999999977e+00
1.565000000000000169e+00
1.508999999999999897e+00
1.533999999999999808e+00
1.703000000000000069e+00
1.638000000000000123e+00
1.555999999999999828e+00
1.680999999999999828e+00
1.600000000000000089e+00
1.817999999999999838e+00
1.742000000000000215e+00
1.613000000000000211e+00
1.595999999999999863e+00
1.646000000000000352e+00
1.647000000000000242e+00
1.672000000000000153e+00
1.651999999999999913e+00
1.834999999999999742e+00
1.612999999999999767e+00
1.687000000000000055e+00
1.579000000000000181e+00
1.582000000000000073e+00
1.697000000000000286e+00
1.787000000000000144e+00
1.477000000000000091e+00
1.610000000000000320e+00
1.670000000000000373e+00
1.466999999999999860e+00
1.632000000000000117e+00
1.761000000000000121e+00
1.603999999999999870e+00
1.596000000000000085e+00
1.709999999999999964e+00
1.613999999999999879e+00
1.628000000000000336e+00
1.622999999999999776e+00
1.682999999999999829e+00
1.505999999999999783e+00
1.526000000000000023e+00
1.581000000000000183e+00
1.645000000000000018e+00
1.501999999999999780e+00
1.658000000000000140e+00
1.592999999999999972e+00
1.579000000000000181e+00
1.550999999999999934e+00
2.025999999999999801e+00
1.745999999999999996e+00
1.872000000000000108e+00
1.851999999999999869e+00
1.817999999999999838e+00
1.600999999999999979e+00
1.671999999999999931e+00
1.807999999999999829e+00
1.554999999999999938e+00
1.719999999999999973e+00
1.713999999999999968e+00
1.715999999999999748e+00
1.712999999999999856e+00
1.794000000000000039e+00
1.754000000000000004e+00
1.707999999999999741e+00
1.866999999999999993e+00
1.645000000000000018e+00
1.848999999999999977e+00
1.834999999999999742e+00
1.799999999999999822e+00
1.848999999999999977e+00
1.719999999999999973e+00
1.613999999999999879e+00
1.743000000000000105e+00
1.690000000000000169e+00
1.717000000000000082e+00
1.654999999999999805e+00
1.833999999999999853e+00
1.850999999999999979e+00
1.745000000000000107e+00
1.685000000000000053e+00
1.830999999999999961e+00
1.837000000000000188e+00
1.967000000000000082e+00
1.662999999999999812e+00
1.773999999999999799e+00
1.701000000000000068e+00
1.826000000000000290e+00
1.830000000000000071e+00
1.949999999999999956e+00
