2.319999999999999840e+00
2.616000000000000103e+00
2.620000000000000107e+00
2.448000000000000398e+00
2.159999999999999698e+00
2.612999999999999989e+00
2.488999999999999879e+00
2.427999999999999936e+00
2.474000000000000199e+00
2.526999999999999691e+00
2.168999999999999595e+00
2.478000000000000203e+00
2.580999999999999961e+00
2.131999999999999673e+00
2.439000000000000057e+00
2.413000000000000256e+00
2.520999999999999908e+00
2.411000000000000032e+00
2.262000000000000011e+00
2.453999999999999737e+00
2.281000000000000139e+00
2.431999999999999940e+00
2.570000000000000284e+00
2.418000000000000149e+00
2.511000000000000121e+00
2.341000000000000192e+00
2.403000000000000025e+00
2.266000000000000014e+00
2.596000000000000085e+00
2.520000000000000018e+00
2.302000000000000046e+00
2.684000000000000163e+00
2.221000000000000085e+00
2.483000000000000096e+00
2.471000000000000085e+00
2.375000000000000000e+00
2.548000000000000043e+00
2.435999999999999943e+00
2.280000000000000249e+00
2.445999999999999730e+00
2.290000000000000036e+00
2.494000000000000217e+00
2.612999999999999989e+00
2.426000000000000156e+00
2.314000000000000057e+00
2.166000000000000369e+00
2.374000000000000110e+00
2.560000000000000053e+00
2.347999999999999865e+00
2.588999999999999968e+00
2.310000000000000053e+00
2.309000000000000163e+00
2.249000000000000110e+00
2.455999999999999961e+00
