6.750683024365395795e+03
6.549161030827226568e+03
6.741195242568680442e+03
5.999797907746949932e+03
6.203992897068015736e+03
6.041732265295817342e+03
6.545581551724478231e+03
5.010051543924280850e+03
7.101559745821641627e+03
5.930872303495801134e+03
6.259050883528217128e+03
5.927827190317489112e+03
6.352307310621928082e+03
6.691068706833703800e+03
6.670734716268161719e+03
6.094327893205433611e+03
6.130505715254945244e+03
5.588836619752638398e+03
7.067189679958173656e+03
6.509894709361021341e+03
6.889329493611672660e+03
6.970625086308871687e+03
7.229242411979391363e+03
6.713829276546965957e+03
6.851603390493411098e+03
6.279423205180867626e+03
7.069928375170726213e+03
6.350533445408977059e+03
6.091258940770360823e+03
6.051152325238235790e+03
6.282837001536830940e+03
5.434963467430612582e+03
6.884525968509084123e+03
6.032078546184500738e+03
5.802033423604955715e+03
5.894042723149047561e+03
6.851084644899251543e+03
6.575347832575749635e+03
6.950003283497258053e+03
6.048629091434480870e+03
6.565461840889697669e+03
6.334209875494617336e+03
6.665437062438710200e+03
6.428895253673020306e+03
6.290550164219670478e+03
6.731496668919409785e+03
5.670934390669987806e+03
5.790940245679132204e+03
6.510665843416182724e+03
7.815565611958433692e+03
6.619740713336781482e+03
6.879704165604975969e+03
5.632538999263490041e+03
6.750683024365395795e+03
