9.595219000000000165e+01
9.186151999999999873e+01
9.478662999999998817e+01
8.737658999999999310e+01
9.052889000000000408e+01
9.006759999999999877e+01
9.112433000000000050e+01
8.332985000000000753e+01
9.366203999999999041e+01
8.320340000000000202e+01
8.856217999999999790e+01
8.721747999999999479e+01
9.371651999999998850e+01
8.617416999999998950e+01
9.092520000000000380e+01
8.379288999999999987e+01
8.967105999999999710e+01
8.901420000000000243e+01
9.313191999999999382e+01
8.979958000000000595e+01
9.275767000000000451e+01
9.141603000000000634e+01
9.420177999999999940e+01
8.925875000000000625e+01
9.402258000000000493e+01
8.799352999999999270e+01
9.413088999999999373e+01
8.993947999999998899e+01
9.382948000000000377e+01
9.085757999999999868e+01
9.050871999999999673e+01
8.789855000000000018e+01
9.079352999999998985e+01
8.348072999999999411e+01
9.031941000000000486e+01
9.141062999999999761e+01
9.253103999999999019e+01
9.071511999999999887e+01
9.132054999999999723e+01
9.461413999999999191e+01
9.160772000000000048e+01
9.089453000000000316e+01
9.502787999999999613e+01
9.111354000000000042e+01
9.546886000000000649e+01
8.671000999999999692e+01
8.676255000000000450e+01
9.343172999999998751e+01
9.819746000000000663e+01
9.242475999999999203e+01
9.048165000000000191e+01
8.901489999999999725e+01
8.969841999999999871e+01
9.284665999999999997e+01
