4.129336390594516160e+03
4.207005164818533558e+03
4.029504753279033594e+03
4.348587898466630577e+03
3.567713237348181792e+03
4.553420658188021662e+03
3.547416406200704387e+03
3.746296066645241808e+03
3.848047355748194150e+03
4.355879384922786812e+03
3.545872045796361817e+03
4.375744736115578235e+03
4.478239222688938753e+03
3.869275234736592665e+03
5.244850860757585906e+03
3.898743257321002602e+03
4.179078325440833396e+03
4.688257712443012679e+03
4.827284389182447740e+03
4.201499638548786606e+03
3.854267506421428152e+03
3.990335211231366884e+03
5.945224459738069527e+03
4.307768868030169870e+03
4.502603953637367340e+03
3.894270268441496682e+03
4.392366982090899000e+03
3.899452406373814028e+03
4.188081448984358758e+03
4.489495157246400595e+03
3.730182680697447267e+03
4.190853694528093001e+03
4.438034720246861980e+03
3.877002256437113829e+03
3.719759211057897119e+03
3.960187328995521057e+03
4.015988267922840805e+03
5.185996452023123311e+03
3.945525611662859319e+03
3.567358560452621077e+03
4.129336390594516160e+03
