9.589999999999999636e-01
1.391999999999999904e+00
1.157999999999999918e+00
1.506000000000000005e+00
1.613999999999999879e+00
1.091999999999999860e+00
1.061999999999999833e+00
9.350000000000000533e-01
1.248999999999999888e+00
1.239999999999999991e+00
1.018000000000000016e+00
1.140000000000000124e+00
9.450000000000000622e-01
1.275000000000000133e+00
1.375000000000000000e+00
8.670000000000001039e-01
1.161999999999999922e+00
1.125000000000000222e+00
8.420000000000000817e-01
1.546999999999999709e+00
1.320000000000000062e+00
1.231999999999999984e+00
1.025000000000000133e+00
1.280000000000000027e+00
7.860000000000000320e-01
8.450000000000000844e-01
1.317000000000000171e+00
1.095000000000000195e+00
1.415000000000000036e+00
1.574999999999999956e+00
1.026999999999999913e+00
1.026000000000000023e+00
1.179000000000000048e+00
1.194000000000000172e+00
1.435000000000000053e+00
1.403999999999999915e+00
1.274000000000000021e+00
1.132000000000000117e+00
1.194000000000000172e+00
1.228999999999999870e+00
9.629999999999999671e-01
