3.571462999999999965e+01
4.602476000000000056e+01
4.122643000000000058e+01
5.333159999999999457e+01
4.626135999999999626e+01
3.942266000000000048e+01
3.589005999999999830e+01
3.278727999999999554e+01
3.896545000000000414e+01
4.521921000000000390e+01
3.220138000000000034e+01
4.102045999999999992e+01
3.755857999999999919e+01
4.348414000000000357e+01
5.307386000000000337e+01
3.152640000000000242e+01
4.205700000000000216e+01
4.449751000000000545e+01
3.356107000000000085e+01
5.322134000000000498e+01
4.719955000000000211e+01
4.390999000000000052e+01
4.000180000000000291e+01
4.564403999999999684e+01
3.211381999999999692e+01
3.109536999999999907e+01
4.661796000000000362e+01
3.752971000000000146e+01
4.978528000000000020e+01
5.445537999999999812e+01
3.517520999999999987e+01
3.901980000000000359e+01
4.361551000000000045e+01
4.073214000000000112e+01
4.410023999999999944e+01
4.468733000000000288e+01
4.181815000000000282e+01
4.670318000000000325e+01
4.380615999999999843e+01
4.032076999999999600e+01
3.516308000000000078e+01
