1.519111300000000142e+02
1.480211600000000089e+02
1.509724500000000091e+02
1.454778499999999894e+02
1.477351499999999760e+02
1.519664700000000153e+02
1.426792800000000057e+02
1.356452600000000075e+02
1.578716000000000008e+02
1.410931500000000085e+02
1.564634299999999882e+02
1.481825499999999920e+02
1.604120800000000031e+02
1.530029299999999921e+02
1.405990899999999897e+02
1.483084699999999998e+02
1.471774900000000059e+02
1.341868599999999958e+02
1.601761799999999880e+02
1.415861600000000067e+02
1.395487799999999936e+02
1.422196099999999888e+02
1.542389300000000105e+02
1.423338799999999935e+02
1.125434100000000086e+02
1.474254400000000089e+02
1.518866999999999905e+02
1.475894299999999930e+02
1.472212999999999852e+02
1.389709000000000003e+02
1.486756599999999935e+02
1.482867699999999900e+02
1.556071499999999901e+02
1.344755599999999731e+02
1.548812000000000069e+02
1.391156599999999912e+02
1.531088200000000086e+02
1.442371400000000108e+02
1.654158799999999871e+02
1.411315500000000043e+02
1.652990500000000225e+02
1.450312799999999811e+02
1.553191900000000203e+02
1.563035199999999918e+02
1.447780999999999949e+02
1.592964800000000025e+02
1.405380999999999858e+02
1.462047000000000025e+02
1.485138299999999845e+02
1.478960899999999867e+02
1.619905599999999879e+02
1.513545900000000017e+02
1.514092599999999891e+02
1.433489199999999926e+02
1.566256600000000105e+02
1.400585800000000063e+02
1.538490699999999833e+02
1.446241499999999860e+02
1.412282200000000216e+02
1.457292500000000075e+02
1.495112499999999898e+02
1.403491300000000024e+02
1.454388499999999738e+02
1.410639299999999992e+02
1.429974200000000053e+02
1.447530899999999860e+02
1.521166000000000054e+02
1.485958599999999876e+02
