7.999169738132375642e+03
8.989660174295670004e+03
8.815042757191398778e+03
8.666160434038418316e+03
8.332211768757551908e+03
8.548213493629402365e+03
7.963164967379313566e+03
8.255110347118232312e+03
8.471780539655168468e+03
7.549888380551911723e+03
9.708780930972103306e+03
8.638868007064744234e+03
9.499784018197928162e+03
8.270913168026867424e+03
8.102710827612692810e+03
8.229215632364637713e+03
9.003504269580696928e+03
8.437531056376104971e+03
8.992252473098531482e+03
8.397076583164905969e+03
8.696926355850922846e+03
8.370582252641495870e+03
8.746890402362854729e+03
6.923118684405253589e+03
7.343808975730165002e+03
8.574122310102044139e+03
8.694672754949426235e+03
9.098649295448723933e+03
8.071898465809901609e+03
8.054480945503866678e+03
8.167763510587747987e+03
8.140788621507825155e+03
8.618740804964911149e+03
7.913001412180330590e+03
9.076801518450873118e+03
9.388479963945526833e+03
9.331664354619710139e+03
7.504234882355412992e+03
9.137029428129435473e+03
7.663209292009475575e+03
1.011978855030624982e+04
8.342887198707241623e+03
9.436107426827018571e+03
8.327398731258648695e+03
8.614188214409430657e+03
9.166261652420911560e+03
8.586307067600910159e+03
8.332232711015032692e+03
8.952775936714111594e+03
7.774300752521246068e+03
9.209382982049508428e+03
8.472725062113389868e+03
9.315222195400721830e+03
7.829302106012666627e+03
9.051142779261344913e+03
8.429809040383737738e+03
8.596160817984849928e+03
8.737849542918771476e+03
8.143765425494530973e+03
8.443569736638313771e+03
8.799524584089422206e+03
8.078833183836164608e+03
8.865139601456934543e+03
8.388128573177742510e+03
8.614572800384336006e+03
7.386408880329140629e+03
8.776857673109654570e+03
7.999169738132375642e+03
