2.166999999999999815e+00
2.187000000000000277e+00
2.080000000000000071e+00
2.183999999999999719e+00
1.992999999999999883e+00
2.151000000000000245e+00
2.205000000000000071e+00
2.107999999999999652e+00
2.210999999999999854e+00
2.119000000000000217e+00
2.138000000000000345e+00
2.173999999999999932e+00
2.276999999999999691e+00
2.333000000000000185e+00
2.099000000000000199e+00
2.120000000000000551e+00
2.103000000000000203e+00
2.036999999999999922e+00
2.106999999999999762e+00
2.127000000000000224e+00
1.938000000000000167e+00
2.131000000000000227e+00
2.272000000000000242e+00
2.172000000000000153e+00
1.718999999999999639e+00
2.245000000000000107e+00
2.097999999999999865e+00
2.128000000000000114e+00
2.238999999999999879e+00
2.095000000000000195e+00
2.169000000000000039e+00
2.128000000000000114e+00
2.200999999999999623e+00
2.112999999999999989e+00
2.011000000000000121e+00
1.990000000000000213e+00
2.258000000000000007e+00
2.093999999999999861e+00
2.084999999999999964e+00
2.267999999999999794e+00
2.376999999999999780e+00
2.086999999999999744e+00
2.065000000000000391e+00
2.250999999999999890e+00
2.130999999999999783e+00
2.181000000000000494e+00
2.056999999999999940e+00
2.060999999999999943e+00
2.145000000000000018e+00
2.244999999999999662e+00
2.245999999999999996e+00
2.156000000000000139e+00
2.120000000000000107e+00
2.290999999999999925e+00
2.222999999999999865e+00
2.070999999999999730e+00
2.229000000000000092e+00
2.150000000000000355e+00
2.274000000000000021e+00
2.169999999999999929e+00
2.174999999999999822e+00
2.229000000000000092e+00
2.067000000000000171e+00
2.088000000000000078e+00
2.116000000000000103e+00
2.138999999999999790e+00
2.134000000000000341e+00
2.177999999999999936e+00
