5.769364999999999810e+01
6.821510000000000673e+01
6.390191000000000088e+01
6.438182999999999367e+01
5.625202999999999776e+01
6.869074000000000524e+01
5.970171999999999457e+01
6.363710999999999984e+01
5.873022000000000276e+01
6.004607000000000028e+01
6.476147000000000276e+01
6.537595000000000312e+01
6.529027000000000669e+01
6.832947000000000060e+01
6.475989999999998759e+01
6.501324999999999932e+01
5.672145000000000437e+01
6.574452999999999747e+01
6.318648999999999205e+01
6.845407000000000153e+01
5.915358000000000516e+01
6.397366999999999138e+01
6.476784000000000674e+01
5.552468000000000359e+01
5.383834000000000231e+01
6.276160000000000139e+01
6.439126999999999157e+01
6.494780000000000086e+01
6.021469000000000449e+01
6.350269000000000119e+01
6.506817999999999813e+01
6.092484999999999218e+01
5.678215999999999752e+01
6.821341000000001031e+01
6.377782999999999447e+01
6.354409999999999314e+01
6.102374999999999972e+01
6.016530999999999807e+01
6.319237000000000393e+01
6.470779999999999177e+01
5.671493999999999858e+01
6.839753999999999223e+01
5.993363999999999692e+01
6.393645999999999674e+01
6.427848000000000184e+01
6.382285999999999149e+01
6.327214000000000027e+01
6.477231000000000449e+01
6.713049999999999784e+01
6.353650999999999982e+01
6.149431999999999476e+01
6.472970999999999719e+01
5.935864999999999725e+01
6.458392000000000621e+01
6.364200000000000301e+01
6.955065000000000452e+01
6.630478999999999701e+01
7.110802000000001044e+01
5.627607000000000426e+01
6.730380999999999858e+01
6.709931000000000267e+01
6.570095000000000596e+01
6.257318000000000069e+01
6.291541000000000139e+01
6.703083999999999776e+01
5.887229000000000667e+01
6.577139999999999986e+01
6.622384999999999877e+01
6.317355000000000587e+01
6.462166000000000565e+01
5.981467999999999563e+01
6.209332999999999458e+01
6.567249999999999943e+01
6.202849000000000501e+01
6.206641999999999371e+01
5.691952999999999463e+01
6.259960999999999842e+01
6.596058000000000732e+01
6.364832999999999430e+01
6.277123000000000275e+01
5.984059000000000594e+01
5.667284999999999684e+01
6.783919000000000210e+01
6.862930000000000064e+01
6.032483999999999469e+01
6.157871999999999701e+01
