6.337381152349232252e+03
7.351478335488249286e+03
6.382368187766861411e+03
6.107635647491627424e+03
6.588055057289081560e+03
6.203912753833651550e+03
6.538361946195580458e+03
7.283409557908294119e+03
6.286394181739192391e+03
6.857562602612940282e+03
5.853922929586078681e+03
5.786161568520015862e+03
5.945076285510971502e+03
6.517997495316905770e+03
6.016019386199185647e+03
6.973139915200765245e+03
5.968528192574990499e+03
6.966376123821835790e+03
5.749828267291851262e+03
6.886364661234363666e+03
5.931076026613547583e+03
6.547766718476959795e+03
5.600204538324323948e+03
7.345335533870792460e+03
5.944276138488095967e+03
6.684331299465523443e+03
6.081659885624799244e+03
7.516021815457402226e+03
5.750936868300384049e+03
6.083667729071830763e+03
5.947688642694700320e+03
6.131606517402410645e+03
5.844957778333404349e+03
7.541511138550430587e+03
6.075237491303313618e+03
6.580284122049998587e+03
6.205872324690850292e+03
6.809001271562593502e+03
5.812140932144286126e+03
7.057121980002824785e+03
6.040258169937679668e+03
7.059518899577456068e+03
6.003983339323257496e+03
6.140514851709658615e+03
5.624983247798004413e+03
5.847765350290153037e+03
6.326489690005711054e+03
7.078502428634492389e+03
5.560588708807646071e+03
6.304468934457900104e+03
5.949340196810843736e+03
7.111216968663788975e+03
6.259824365898734868e+03
6.519211372889272752e+03
5.960801902881317801e+03
7.982755777069027317e+03
6.413538025616058803e+03
7.609985406485480780e+03
5.510395552044246870e+03
5.654421957793791989e+03
6.644972634665013175e+03
5.588905919382477805e+03
7.445869638479366586e+03
5.499690566290884817e+03
7.162976972103810112e+03
5.973930156946213174e+03
6.809033072137045565e+03
5.770801074579764645e+03
5.769429518964947420e+03
6.440992449170506006e+03
6.391260501778605430e+03
5.780238174743975833e+03
6.418796273663588181e+03
5.760749213164741377e+03
7.425628584472942748e+03
5.799729216815779182e+03
6.886056045138156151e+03
6.058661522095333567e+03
6.228207716532288032e+03
6.216125670517440994e+03
6.526369939340063866e+03
5.903121053373601171e+03
6.560552802222850005e+03
5.978646893300789088e+03
5.841804087384745799e+03
6.337381152349232252e+03
