1.209999999999999964e+00
1.256000000000000005e+00
1.266000000000000014e+00
1.298999999999999932e+00
9.740000000000000879e-01
1.211999999999999966e+00
1.209000000000000075e+00
1.118000000000000105e+00
1.112999999999999989e+00
1.037000000000000144e+00
1.354000000000000092e+00
1.379000000000000004e+00
1.300000000000000044e+00
1.313000000000000167e+00
1.308999999999999941e+00
1.245999999999999996e+00
1.044000000000000039e+00
1.177000000000000046e+00
1.201999999999999957e+00
1.258000000000000007e+00
1.215999999999999970e+00
1.185999999999999943e+00
1.322999999999999954e+00
8.770000000000000018e-01
1.010000000000000231e+00
1.165000000000000036e+00
1.280999999999999917e+00
1.074999999999999956e+00
1.249000000000000110e+00
1.239000000000000101e+00
1.313000000000000167e+00
1.159000000000000030e+00
1.203999999999999959e+00
1.341999999999999860e+00
1.387000000000000011e+00
1.076000000000000068e+00
1.169999999999999929e+00
1.100000000000000089e+00
1.274999999999999911e+00
1.126000000000000112e+00
1.071000000000000174e+00
1.197000000000000064e+00
1.209999999999999964e+00
1.223999999999999977e+00
8.159999999999998366e-01
1.290000000000000036e+00
1.207999999999999963e+00
1.183999999999999941e+00
1.403000000000000025e+00
1.221000000000000085e+00
1.263000000000000123e+00
1.187999999999999945e+00
1.157000000000000028e+00
1.264999999999999902e+00
1.294000000000000039e+00
1.325999999999999845e+00
1.239000000000000101e+00
1.288999999999999924e+00
1.082000000000000073e+00
1.385000000000000231e+00
1.251000000000000112e+00
1.348999999999999755e+00
1.079000000000000181e+00
1.372999999999999998e+00
1.260000000000000009e+00
1.187000000000000055e+00
1.143000000000000016e+00
1.296999999999999931e+00
1.289000000000000146e+00
1.198999999999999844e+00
1.094999999999999973e+00
1.276000000000000023e+00
1.292000000000000037e+00
1.286999999999999922e+00
1.176999999999999824e+00
1.095000000000000195e+00
1.124000000000000110e+00
1.320999999999999952e+00
1.248999999999999888e+00
1.320000000000000062e+00
1.165999999999999925e+00
1.151999999999999913e+00
1.195999999999999952e+00
1.402999999999999803e+00
1.228999999999999870e+00
1.163000000000000034e+00
